  0.10       2.10     5      28
 -2.00       2.00     1      40
  0.50       3.50     8      30

  1.00       1.00     1      10

  2.00       2.00     7      25

  1.00      11.00     3     100

  2.00       6.00     1      64

 -3.00      -1.00     2      10

  0.25       1.00     8       6

 10.00      14.30     4     100 

  3.00       2.00     2       5

 -1.00       6.00     3      35

  0.00       5.00     7     100

  0.95       0.85     3      10

 -2.50       2.50     4      35

 11.00      14.00     5     150

  1.55       4.95     6      34

 -3.00       3.00     3      60

  1.45       1.55     6      30

  2.00       2.00     8       1      

 -3.00       1.00     7      80

  0.00       8.00     2      30

  4.00       5.00     7      10

